22 3 32 34 55 82 50 37 5 64 35 9 70 89
3 22 32 34 55 50 37 5 64 35 9 70 82 89
3 22 32 34 50 37 5 55 35 9 64 70 82 89
3 22 32 34 37 5 50 35 9 55 64 70 82 89
3 22 32 34 5 37 35 9 50 55 64 70 82 89
3 22 32 5 34 35 9 37 50 55 64 70 82 89
3 22 5 32 34 9 35 37 50 55 64 70 82 89
3 5 22 32 9 34 35 37 50 55 64 70 82 89
3 5 22 9 32 34 35 37 50 55 64 70 82 89
3 5 9 22 32 34 35 37 50 55 64 70 82 89
3 5 9 22 32 34 35 37 50 55 64 70 82 89
3 5 9 22 32 34 35 37 50 55 64 70 82 89
3 5 9 22 32 34 35 37 50 55 64 70 82 89